INSERT INTO afterSurgeryTableOne
  (userId, date, numOfAdverseReactionCases, numOfInadequateAnalgesia,
   numOfPostoperativeAnalgesiaCases, numOfPostoperativeVisits)
VALUES
  (3, '2025-01-02', 0, 0, 6, 16),
  (3, '2025-01-03', 2, 0, 22, 38),
  (3, '2025-01-06', 0, 0, 22, 38),
  (3, '2025-01-07', 4, 0, 28, 47),
  (3, '2025-01-08', 5, 0, 35, 69),
  (3, '2025-01-09', 5, 0, 47, 73),
  (3, '2025-01-10', 7, 0, 47, 78),
  (3, '2025-01-13', 5, 0, 21, 40),
  (3, '2025-01-14', 3, 1, 27, 54),
  (3, '2025-01-15', 12, 0, 56, 80),
  (3, '2025-01-16', 10, 0, 25, 48),
  (3, '2025-01-17', 7, 0, 37, 61),
  (3, '2025-01-20', 3, 0, 20, 42),
  (3, '2025-01-21', 0, 0, 15, 39),
  (3, '2025-01-22', 9, 1, 41, 67),
  (3, '2025-01-23', 1, 0, 30, 49),
  (3, '2025-01-24', 1, 0, 29, 57),
  (3, '2025-01-26', 0, 0, 22, 26),
  (3, '2025-01-27', 2, 0, 18, 31),
  (3, '2025-02-05', 0, 0, 15, 19),
  (3, '2025-02-06', 7, 3, 24, 51),
  (3, '2025-02-07', 3, 0, 44, 72),
  (3, '2025-02-08', 12, 0, 52, 82),
  (3, '2025-02-09', 2, 0, 8, 16),
  (3, '2025-02-10', 2, 0, 10, 19),
  (3, '2025-02-11', 4, 0, 32, 55),
  (3, '2025-02-12', 6, 0, 42, 67),
  (3, '2025-02-13', 4, 0, 35, 50),
  (3, '2025-02-14', 0, 0, 35, 50),
  (3, '2025-02-17', 2, 0, 38, 61),
  (3, '2025-02-18', 8, 0, 23, 37),
  (3, '2025-02-19', 10, 0, 51, 70),
  (3, '2025-02-20', 8, 0, 52, 71),
  (3, '2025-02-21', 6, 0, 53, 57),
  (3, '2025-02-24', 0, 0, 32, 47),
  (3, '2025-02-25', 2, 0, 36, 54),
  (3, '2025-02-26', 6, 0, 48, 66),
  (3, '2025-02-27', 5, 0, 35, 54),
  (3, '2025-02-28', 10, 1, 46, 65),
  (3, '2025-03-03', 0, 0, 39, 64),
  (3, '2025-03-04', 0, 0, 20, 39),
  (3, '2025-03-05', 1, 0, 30, 38),
  (3, '2025-03-06', 8, 0, 46, 60),
  (3, '2025-03-07', 2, 0, 22, 56),
  (3, '2025-03-08', 4, 0, 31, 52),
  (3, '2025-03-09', 5, 0, 18, 35),
  (3, '2025-03-10', 4, 0, 31, 52),
  (3, '2025-03-11', 5, 0, 18, 35),
  (3, '2025-03-12', 0, 0, 24, 35),
  (3, '2025-03-13', 13, 0, 38, 63),
  (3, '2025-03-14', 4, 0, 29, 46),
  (3, '2025-03-17', 0, 0, 27, 50),
  (3, '2025-03-18', 2, 0, 25, 36),
  (3, '2025-03-19', 7, 0, 37, 58),
  (3, '2025-03-20', 10, 4, 38, 44),
  (3, '2025-03-21', 6, 1, 20, 36),
  (3, '2025-04-01', 7, 1, 20, 36),
  (3, '2025-04-02', 4, 6, 30, 43),
  (3, '2025-04-07', 0, 0, 24, 48),
  (3, '2025-04-08', 4, 0, 20, 36),
  (3, '2025-04-09', 9, 6, 34, 62),
  (3, '2025-04-10', 10, 0, 38, 65),
  (3, '2025-04-11', 17, 1, 38, 73),
  (3, '2025-04-14', 6, 1, 25, 46),
  (3, '2025-04-15', 7, 0, 11, 32),
  (3, '2025-04-16', 15, 2, 35, 55),
  (3, '2025-04-17', 5, 0, 28, 56),
  (3, '2025-04-18', 6, 0, 43, 52),
  (3, '2025-04-21', 0, 0, 14, 57),
  (3, '2025-04-22', 8, 2, 30, 52),
  (3, '2025-04-23', 5, 0, 34, 60),
  (3, '2025-04-24', 6, 1, 47, 53),
  (3, '2025-04-25', 0, 2, 36, 52),
  (3, '2025-04-26', 3, 0, 22, 37),
  (3, '2025-04-28', 2, 0, 22, 37),
  (3, '2025-04-29', 3, 0, 33, 54),
  (3, '2025-04-30', 0, 0, 48, 60),
  (3, '2025-05-06', 0, 0, 16, 18),
  (3, '2025-05-07', 3, 0, 19, 42),
  (3, '2025-05-08', 5, 0, 41, 62),
  (3, '2025-05-09', 4, 0, 41, 60),
  (3, '2025-05-12', 0, 0, 33, 64),
  (3, '2025-05-13', 2, 0, 24, 43),
  (3, '2025-05-14', 6, 1, 41, 60),
  (3, '2025-05-15', 6, 0, 33, 52),
  (3, '2025-05-16', 3, 0, 41, 60),
  (3, '2025-05-19', 0, 0, 10, 50),
  (3, '2025-05-20', 9, 1, 40, 58),
  (3, '2025-05-21', 8, 0, 40, 58),
  (3, '2025-05-22', 4, 1, 30, 59),
  (3, '2025-05-23', 7, 2, 39, 64),
  (3, '2025-05-26', 3, 0, 23, 52),
  (3, '2025-05-27', 3, 2, 27, 39),
  (3, '2025-05-28', 9, 2, 30, 55),
  (3, '2025-05-29', 9, 0, 39, 64),
  (3, '2025-05-30', 5, 1, 46, 59),
  (3, '2025-06-03', 3, 0, 23, 49),
  (3, '2025-06-04', 4, 0, 20, 26),
  (3, '2025-06-05', 5, 0, 29, 39),
  (3, '2025-06-09', 0, 0, 8, 40),
  (3, '2025-06-10', 5, 0, 37, 61),
  (3, '2025-06-11', 3, 1, 25, 41),
  (3, '2025-06-12', 5, 1, 39, 70),
  (3, '2025-06-13', 11, 5, 36, 61),
  (3, '2025-06-14', 0, 0, 28, 59),
  (3, '2025-06-17', 4, 1, 37, 54),
  (3, '2025-06-18', 6, 3, 40, 65),
  (3, '2025-06-19', 7, 1, 47, 65),
  (3, '2025-06-20', 4, 0, 33, 51),
  (3, '2025-06-23', 0, 0, 25, 50),
  (3, '2025-06-24', 9, 3, 25, 57),
  (3, '2025-06-25', 2, 0, 37, 52),
  (3, '2025-06-26', 6, 0, 36, 52),
  (3, '2025-06-27', 3, 0, 37, 51),
  (3, '2025-06-30', 0, 0, 26, 50),
  (3, '2025-07-01', 1, 0, 34, 50),
  (3, '2025-07-02', 4, 0, 35, 57),
  (3, '2025-07-03', 7, 1, 30, 57),
  (3, '2025-07-04', 8, 7, 62, 70),
  (3, '2025-07-07', 0, 0, 36, 58),
  (3, '2025-07-08', 6, 1, 30, 63),
  (3, '2025-07-09', 10, 4, 56, 83),
  (3, '2025-07-10', 7, 0, 44, 73),
  (3, '2025-07-11', 7, 3, 55, 77),
  (3, '2025-07-14', 2, 0, 45, 77),
  (3, '2025-07-15', 9, 2, 46, 71),
  (3, '2025-07-16', 11, 8, 60, 85),
  (3, '2025-07-17', 13, 4, 46, 80),
  (3, '2025-07-18', 6, 4, 37, 70),
  (3, '2025-07-21', 0, 0, 35, 58),
  (3, '2025-07-22', 5, 1, 32, 67),
  (3, '2025-07-23', 6, 4, 40, 56),
  (3, '2025-07-24', 6, 5, 35, 71),
  (3, '2025-07-25', 4, 0, 38, 55),
  (3, '2025-07-28', 0, 0, 37, 79),
  (3, '2025-07-29', 2, 0, 29, 52),
  (3, '2025-07-30', 2, 2, 25, 50),
  (3, '2025-08-01', 8, 3, 44, 64),
  (3, '2025-08-04', 2, 0, 38, 69),
  (3, '2025-08-05', 4, 0, 23, 47),
  (3, '2025-08-06', 4, 0, 38, 58),
  (3, '2025-08-07', 10, 2, 40, 70),
  (3, '2025-08-08', 5, 3, 50, 64),
  (3, '2025-08-11', 7, 0, 46, 70),
  (3, '2025-08-12', 21, 9, 48, 69),
  (3, '2025-08-13', 4, 2, 37, 60),
  (3, '2025-08-14', 17, 3, 46, 59),
  (3, '2025-08-15', 17, 4, 46, 59),
  (3, '2025-08-25', 3, 0, 27, 54),
  (3, '2025-08-26', 12, 6, 38, 51),
  (3, '2025-08-27', 10, 3, 37, 55),
  (3, '2025-08-28', 12, 5, 37, 55),
  (3, '2025-08-29', 2, 3, 29, 43),
  (3, '2025-09-02', 2, 0, 28, 55),
  (3, '2025-09-03', 8, 8, 45, 56),
  (3, '2025-09-01', 0, 0, 17, 49),
  (3, '2025-09-04', 1, 2, 28, 50),
  (3, '2025-09-05', 7, 3, 35, 59),
  (3, '2025-09-08', 1, 0, 21, 50),
  (3, '2025-09-09', 7, 2, 44, 64),
  (3, '2025-09-10', 11, 1, 25, 63),
  (3, '2025-09-11', 12, 4, 48, 63),
  (3, '2025-09-12', 7, 2, 42, 52),
  (3, '2025-09-15', 0, 0, 36, 57),
  (3, '2025-09-16', 8, 3, 25, 60),
  (3, '2025-09-17', 9, 0, 35, 66),
  (3, '2025-09-18', 6, 0, 31, 54),
  (3, '2025-09-19', 4, 0, 30, 52),
  (3, '2025-10-22', 5, 2, 30, 59),
  (3, '2025-10-23', 4, 3, 31, 46),
  (3, '2025-09-22', 5, 2, 30, 59),
  (3, '2025-09-23', 4, 3, 31, 46),
  (3, '2025-09-24', 4, 0, 47, 66),
  (3, '2025-09-25', 8, 1, 41, 55),
  (3, '2025-10-26', 7, 3, 38, 59),
  (3, '2025-09-28', 3, 0, 36, 8),
  (3, '2025-09-29', 4, 0, 35, 49),
  (3, '2025-09-30', 2, 2, 31, 43),
  (3, '2025-09-26', 7, 3, 38, 59);


